RESULTS OF THE BAYESIAN MODELS

- Non-layered model (with Beta(1,1)) — State- and region-level results:

               n_s  y_s  a_post  b_post  post_mean  post_var
Alabama         78    2       3      77   0.037500  0.000446
California     658    6       7     653   0.010606  0.000016
Delaware        16    1       2      16   0.111111  0.005198
Florida        320    2       3     319   0.009317  0.000029
Illinois       235    5       6     231   0.025316  0.000104
Indiana        102    2       3     101   0.028846  0.000267
Iowa            75    1       2      75   0.025974  0.000324
Maryland        77    1       2      77   0.025316  0.000308
Massachusetts  144    3       4     142   0.027397  0.000181
Michigan       154    2       3     153   0.019231  0.000120
Missouri       136    3       4     134   0.028986  0.000202
Nebraska        40    1       2      40   0.047619  0.001055
Nevada          35    1       2      35   0.054054  0.001346
New Hampshire   34    1       2      34   0.055556  0.001418
New Jersey     144    1       2     144   0.013699  0.000092
New York       413    7       8     407   0.019277  0.000045
Ohio           275    4       5     272   0.018051  0.000064
Oklahoma        93    1       2      93   0.021053  0.000215
Oregon          73    2       3      72   0.040000  0.000505
Pennsylvania   289    4       5     286   0.017182  0.000058
South Dakota    28    1       2      28   0.066667  0.002007
Tennessee      146    1       2     146   0.013514  0.000089
Texas          384    1       2     384   0.005181  0.000013
Utah            58    1       2      58   0.033333  0.000528
Vermont         19    1       2      19   0.095238  0.003917
Virginia       138    1       2     138   0.014286  0.000100
West Virginia   69    2       3      68   0.042254  0.000562
Wisconsin       88    7       8      82   0.088889  0.000890

            n_s  y_s  a_post  b_post  post_mean  post_var
Midwest    1322   26      27    1297   0.020393  0.000015
Northeast  1163   17      18    1147   0.015451  0.000013
South      2054   12      13    2043   0.006323  0.000003
West       1254   10      11    1245   0.008758  0.000007


- Non-layered model (with Beta(2,2)) — State- and region-level results:

               n_s  y_s  a_post  b_post  post_mean  post_var
Alabama         78    2       4      78   0.048780  0.000559
California     658    6       8     654   0.012085  0.000018
Delaware        16    1       3      17   0.150000  0.006071
Florida        320    2       4     320   0.012346  0.000038
Illinois       235    5       7     232   0.029289  0.000118
Indiana        102    2       4     102   0.037736  0.000339
Iowa            75    1       3      76   0.037975  0.000457
Maryland        77    1       3      78   0.037037  0.000435
Massachusetts  144    3       5     143   0.033784  0.000219
Michigan       154    2       4     154   0.025316  0.000155
Missouri       136    3       5     135   0.035714  0.000244
Nebraska        40    1       3      41   0.068182  0.001412
Nevada          35    1       3      36   0.076923  0.001775
New Hampshire   34    1       3      35   0.078947  0.001864
New Jersey     144    1       3     145   0.020270  0.000133
New York       413    7       9     408   0.021583  0.000051
Ohio           275    4       6     273   0.021505  0.000075
Oklahoma        93    1       3      94   0.030928  0.000306
Oregon          73    2       4      73   0.051948  0.000631
Pennsylvania   289    4       6     287   0.020478  0.000068
South Dakota    28    1       3      29   0.093750  0.002575
Tennessee      146    1       3     147   0.020000  0.000130
Texas          384    1       3     385   0.007732  0.000020
Utah            58    1       3      59   0.048387  0.000731
Vermont         19    1       3      20   0.130435  0.004726
Virginia       138    1       3     139   0.021127  0.000145
West Virginia   69    2       4      69   0.054795  0.000700
Wisconsin       88    7       9      83   0.097826  0.000949

            n_s  y_s  a_post  b_post  post_mean  post_var
Midwest    1322   26      28    1298   0.021116  0.000016
Northeast  1163   17      19    1148   0.016281  0.000014
South      2054   12      14    2044   0.006803  0.000003
West       1254   10      12    1246   0.009539  0.000008


- Simple layered (2 layer) model — State- and region-level results:

            state  n_s  y_s    a_post      b_post  post_mean  post_var
0         Alabama   78    2  3.066437  105.624676   0.028212  0.000250
1      California  658    6  6.551534  684.225121   0.009484  0.000014
2        Delaware   16    1  3.191996   41.706395   0.071094  0.001439
3         Florida  320    2  2.454393  349.101613   0.006982  0.000020
4        Illinois  235    5  5.921277  260.806857   0.022200  0.000081
5         Indiana  102    2  2.897628  130.179564   0.021774  0.000159
6            Iowa   75    1  1.746930  104.972458   0.016369  0.000149
7        Maryland   77    1  1.726753  106.605581   0.015939  0.000143
8   Massachusetts  144    3  3.909332  171.697834   0.022262  0.000123
9        Michigan  154    2  2.682896  182.505361   0.014487  0.000077
10       Missouri  136    3  3.959799  163.517682   0.023644  0.000137
11       Nebraska   40    1  2.100490   68.038774   0.029947  0.000408
12         Nevada   35    1  2.200763   62.736128   0.033891  0.000497
13  New Hampshire   34    1  2.234593   61.541066   0.035038  0.000522
14     New Jersey  144    1  1.508001  173.643131   0.008610  0.000048
15       New York  413    7  7.800771  437.281908   0.017527  0.000039
16           Ohio  275    4  4.725842  302.455987   0.015385  0.000049
17       Oklahoma   93    1  1.636143  122.825851   0.013146  0.000103
18         Oregon   73    2  3.114879  100.720925   0.029998  0.000278
19   Pennsylvania  289    4  4.710145  316.585762   0.014660  0.000045
20   South Dakota   28    1  2.394641   55.589274   0.041298  0.000671
21      Tennessee  146    1  1.507490  176.150954   0.008485  0.000047
22          Texas  384    1  1.312618  413.459767   0.003165  0.000008
23           Utah   58    1  1.871039   87.202322   0.021006  0.000228
24        Vermont   19    1  2.877688   44.841624   0.060304  0.001163
25       Virginia  138    1  1.509299  168.119405   0.008898  0.000052
26  West Virginia   69    2  3.153388   96.467560   0.031654  0.000305
27      Wisconsin   88    7  9.390823  106.355485   0.081133  0.000639

      region   n_s  y_s     a_post       b_post  post_mean  post_var
0    Midwest  1322   26  26.824268  1325.575703   0.019835  0.000014
1  Northeast  1163   17  17.726381  1177.877097   0.014826  0.000012
2      South  2054   12  12.433179  2073.701741   0.005960  0.000003
3       West  1254   10  10.511087  1276.496824   0.008167  0.000006


- Complex layered (4 layer) model — State- and region-level results:

            state  n_s  y_s    a_post      b_post  post_mean  post_var
0         Alabama   78    2  2.236031   76.902746   0.028255  0.000343
1      California  658    6  6.235140  652.902481   0.009460  0.000014
2        Delaware   16    1  1.235979   15.902726   0.072116  0.003689
3         Florida  320    2  2.234530  318.902323   0.006958  0.000021
4        Illinois  235    5  5.236002  230.902765   0.022173  0.000091
5         Indiana  102    2  2.235359  100.902556   0.021673  0.000204
6            Iowa   75    1  1.235513   74.902575   0.016227  0.000207
7        Maryland   77    1  1.235074   76.902491   0.015806  0.000197
8   Massachusetts  144    3  3.234942  141.902471   0.022289  0.000149
9        Michigan  154    2  2.234989  152.902499   0.014407  0.000091
10       Missouri  136    3  3.236146  133.902867   0.023598  0.000167
11       Nebraska   40    1  1.235683   39.902558   0.030037  0.000691
12         Nevada   35    1  1.235476   34.902616   0.034188  0.000889
13  New Hampshire   34    1  1.235394   33.902631   0.035158  0.000939
14     New Jersey  144    1  1.234829  143.902408   0.008508  0.000058
15       New York  413    7  7.235241  406.902572   0.017471  0.000041
16           Ohio  275    4  4.235722  271.902611   0.015339  0.000054
17       Oklahoma   93    1  1.235099   92.902496   0.013120  0.000136
18         Oregon   73    2  2.236292   71.902734   0.030163  0.000389
19   Pennsylvania  289    4  4.234998  285.902504   0.014597  0.000049
20   South Dakota   28    1  1.236406   27.902699   0.042431  0.001348
21      Tennessee  146    1  1.234173  145.902285   0.008388  0.000056
22          Texas  384    1  1.234117  383.902341   0.003204  0.000008
23           Utah   58    1  1.235454   57.902590   0.020891  0.000340
24        Vermont   19    1  1.236590   18.902872   0.061401  0.002726
25       Virginia  138    1  1.235037  137.902495   0.008876  0.000063
26  West Virginia   69    2  2.236055   67.902744   0.031880  0.000434
27      Wisconsin   88    7  7.237198   81.902983   0.081189  0.000828

      region   n_s  y_s     a_post       b_post  post_mean  post_var
0    Midwest  1322   26  26.221420  1296.695703   0.019821  0.000015
1  Northeast  1163   17  17.220526  1146.695517   0.014795  0.000013
2      South  2054   12  12.216307  2042.693075   0.005945  0.000003
3       West  1254   10  10.217332  1244.693689   0.008142  0.000006


